0,
0.000602271897414,
0.002407636663902,
0.005411745017609,
0.009607359798385,
0.014984373402728,
0.021529832133896,
0.02922796740849,
0.038060233744357,
0.048005353438278,
0.059039367825822,
0.071135694999864,
0.084265193848727,
0.098396234259678,
0.113494773318632,
0.12952443732252,
0.146446609406726,
0.164220522576491,
0.182803357918177,
0.202150347753783,
0.222214883490199,
0.242948627903389,
0.264301631587001,
0.286222453284859,
0.308658283817455,
0.33155507330389,
0.354857661372769,
0.378509910048368,
0.402454838991936,
0.426634762772319,
0.45099142983522,
0.475466162836291,
0.5,
0.524533837163709,
0.54900857016478,
0.573365237227681,
0.597545161008064,
0.621490089951632,
0.645142338627231,
0.66844492669611,
0.691341716182545,
0.713777546715141,
0.735698368412999,
0.757051372096611,
0.777785116509801,
0.797849652246217,
0.817196642081823,
0.835779477423509,
0.853553390593274,
0.870475562677479,
0.886505226681368,
0.901603765740322,
0.915734806151273,
0.928864305000136,
0.940960632174178,
0.951994646561722,
0.961939766255643,
0.97077203259151,
0.978470167866104,
0.985015626597272,
0.990392640201615,
0.994588254982391,
0.997592363336098,
0.999397728102586,
1,
0.998795456205172,
0.995184726672197,
0.989176509964781,
0.98078528040323,
0.970031253194544,
0.956940335732209,
0.941544065183021,
0.923879532511287,
0.903989293123443,
0.881921264348355,
0.857728610000272,
0.831469612302545,
0.803207531480645,
0.773010453362737,
0.740951125354959,
0.707106781186548,
0.671558954847018,
0.634393284163646,
0.595699304492434,
0.555570233019602,
0.514102744193222,
0.471396736825998,
0.427555093430282,
0.38268343236509,
0.33688985339222,
0.290284677254462,
0.242980179903264,
0.195090322016128,
0.146730474455362,
0.098017140329561,
0.049067674327418,
0,
0,
0,
0,
0,
0,
0,
0,
0,
0,
0,
0,
0,
0,
0,
0,
0,
0,
0,
0,
0,
0,
0,
0,
0,
0,
0,
0,
0,
0,
0,
0,
0,
0,
0,
0,
0,
0,
0,
0,
0,
0,
0,
0,
0,
0,
0,
0,
0,
0,
0,
0,
0,
0,
0,
0,
0,
0,
0,
0,
0,
0,
0,
0
