0.0800000000000000,
0.0800704510693642,
0.0802817826976603,
0.0806339301521092,
0.0811267855667773,
0.0817601979756166,
0.0825339733587074,
0.0834478747016881,
0.0845016220683547,
0.0856948926864079,
0.0870273210463213,
0.0884984990133001,
0.0901079759522965,
0.0918552588660432,
0.0937398125460631,
0.0957610597366080,
0.0979183813114781,
0.100211116463665,
0.102638562907763,
0.105199977095086,
0.107894574441424,
0.110721529567364,
0.113679976551117,
0.116769009193755,
0.119987681296785,
0.123335006951984,
0.126809960843386,
0.130411478561351,
0.134138456928596,
0.137989754338116,
0.141964191102863,
0.146060549817097,
0.150277575729288,
0.154613977126458,
0.159068425729843,
0.163639557101758,
0.168325971063536,
0.173126232124416,
0.178038869921246,
0.183062379668869,
0.188195222621051,
0.193435826541815,
0.198782586187028,
0.204233863796106,
0.209787989593670,
0.215443262301017,
0.221197949657235,
0.227050288949809,
0.232998487554561,
0.239040723484739,
0.245175145949116,
0.251399875918897,
0.257713006703287,
0.264112604533527,
0.270596709155222,
0.277163334428787,
0.283810468937821,
0.290536076605216,
0.297338097316833,
0.304214447552528,
0.311163021024355,
0.318181689321744,
0.325268302563444,
0.332420690056061,
0.339636660958954,
0.346914004955311,
0.354250492929191,
0.361643877648318,
0.369091894452434,
0.376592261946980,
0.384142682701909,
0.391740843955411,
0.399384418322333,
0.407071064507074,
0.414798428020749,
0.422564141902389,
0.430365827443963,
0.438201094918996,
0.446067544314563,
0.453962766066439,
0.461884341797167,
0.469829845056827,
0.477796842066283,
0.485782892462671,
0.493785550046902,
0.501802363532955,
0.509830877298732,
0.517868632138231,
0.525913166014826,
0.533962014815415,
0.542012713105190,
0.550062794882832,
0.558109794335865,
0.566151246595954,
0.574184688493922,
0.582207659314237,
0.590217701548751,
0.598212361649460,
0.606189190780046,
0.614145745565977,
0.622079588842934,
0.629988290403338,
0.637869427740747,
0.645720586791884,
0.653539362676093,
0.661323360431975,
0.669070195750981,
0.676777495707754,
0.684442899486973,
0.692064059106491,
0.699638640136549,
0.707164322414827,
0.714638800757133,
0.722059785663500,
0.729425004019484,
0.736732199792435,
0.743979134722544,
0.751163589008439,
0.758283361987131,
0.765336272808101,
0.772320161101306,
0.779232887638927,
0.786072334990628,
0.792836408172152,
0.799523035287024,
0.806130168161197,
0.812655782970427,
0.819097880860185,
0.825454488557925,
0.831723658977520,
0.837903471815663,
0.843992034140081,
0.849987480969354,
0.855887975844176,
0.861691711389878,
0.867396909870045,
0.873001823731053,
0.878504736137355,
0.883903961497372,
0.889197845979797,
0.894384768020183,
0.899463138817642,
0.904431402821506,
0.909288038207810,
0.914031557345440,
0.918660507251806,
0.923173470037902,
0.927569063342624,
0.931845940756193,
0.936002792232579,
0.940038344490773,
0.943951361404811,
0.947740644382405,
0.951405032732086,
0.954943404018734,
0.958354674407386,
0.961637798995232,
0.964791772131672,
0.967815627726355,
0.970708439545109,
0.973469321493644,
0.976097427888980,
0.978591953718483,
0.980952134886446,
0.983177248448144,
0.985266612831272,
0.987219588044720,
0.989035575874611,
0.990714020067533,
0.992254406500928,
0.993656263340572,
0.994919161185102,
0.996042713197547,
0.997026575223816,
0.997870445898118,
0.998574066735273,
0.999137222209888,
0.999559739822374,
0.999841490151786,
0.999982386895462,
0.999982386895462,
0.999841490151786,
0.999559739822374,
0.999137222209888,
0.998574066735273,
0.997870445898118,
0.997026575223816,
0.996042713197547,
0.994919161185102,
0.993656263340572,
0.992254406500928,
0.990714020067533,
0.989035575874611,
0.987219588044720,
0.985266612831272,
0.983177248448144,
0.980952134886446,
0.978591953718483,
0.976097427888980,
0.973469321493644,
0.970708439545109,
0.967815627726355,
0.964791772131672,
0.961637798995232,
0.958354674407386,
0.954943404018734,
0.951405032732086,
0.947740644382405,
0.943951361404811,
0.940038344490773,
0.936002792232579,
0.931845940756193,
0.927569063342624,
0.923173470037902,
0.918660507251806,
0.914031557345440,
0.909288038207810,
0.904431402821506,
0.899463138817642,
0.894384768020183,
0.889197845979797,
0.883903961497372,
0.878504736137355,
0.873001823731053,
0.867396909870045,
0.861691711389878,
0.855887975844176,
0.849987480969354,
0.843992034140081,
0.837903471815663,
0.831723658977520,
0.825454488557925,
0.819097880860185,
0.812655782970427,
0.806130168161197,
0.799523035287024,
0.792836408172152,
0.786072334990628,
0.779232887638927,
0.772320161101306,
0.765336272808101,
0.758283361987131,
0.751163589008439,
0.743979134722544,
0.736732199792435,
0.729425004019484,
0.722059785663500,
0.714638800757133,
0.707164322414827,
0.699638640136549,
0.692064059106491,
0.684442899486973,
0.676777495707754,
0.669070195750981,
0.661323360431975,
0.653539362676093,
0.645720586791884,
0.637869427740747,
0.629988290403338,
0.622079588842934,
0.614145745565977,
0.606189190780046,
0.598212361649460,
0.590217701548751,
0.582207659314237,
0.574184688493922,
0.566151246595954,
0.558109794335865,
0.550062794882832,
0.542012713105190,
0.533962014815415,
0.525913166014826,
0.517868632138231,
0.509830877298732,
0.501802363532955,
0.493785550046902,
0.485782892462671,
0.477796842066283,
0.469829845056827,
0.461884341797167,
0.453962766066439,
0.446067544314563,
0.438201094918996,
0.430365827443963,
0.422564141902389,
0.414798428020749,
0.407071064507074,
0.399384418322333,
0.391740843955411,
0.384142682701909,
0.376592261946980,
0.369091894452434,
0.361643877648318,
0.354250492929191,
0.346914004955311,
0.339636660958954,
0.332420690056061,
0.325268302563444,
0.318181689321744,
0.311163021024355,
0.304214447552528,
0.297338097316833,
0.290536076605216,
0.283810468937821,
0.277163334428787,
0.270596709155222,
0.264112604533527,
0.257713006703287,
0.251399875918897,
0.245175145949116,
0.239040723484739,
0.232998487554561,
0.227050288949809,
0.221197949657235,
0.215443262301017,
0.209787989593670,
0.204233863796106,
0.198782586187028,
0.193435826541815,
0.188195222621051,
0.183062379668869,
0.178038869921246,
0.173126232124416,
0.168325971063536,
0.163639557101758,
0.159068425729843,
0.154613977126458,
0.150277575729288,
0.146060549817097,
0.141964191102863,
0.137989754338116,
0.134138456928596,
0.130411478561351,
0.126809960843386,
0.123335006951984,
0.119987681296785,
0.116769009193755,
0.113679976551117,
0.110721529567364,
0.107894574441424,
0.105199977095086,
0.102638562907763,
0.100211116463665,
0.0979183813114781,
0.0957610597366080,
0.0937398125460631,
0.0918552588660432,
0.0901079759522965,
0.0884984990133001,
0.0870273210463213,
0.0856948926864079,
0.0845016220683547,
0.0834478747016881,
0.0825339733587074,
0.0817601979756166,
0.0811267855667773,
0.0806339301521092,
0.0802817826976603,
0.0800704510693642,
0.0800000000000000
