0.08,
0.080283358939422,
0.081133086660782,
0.082548136303444,
0.084526764532776,
0.08706653368792,
0.090164314784991,
0.093816291371961,
0.098017964230514,
0.102764156919064,
0.108049022150105,
0.113866048994041,
0.120208070900623,
0.127067274528108,
0.134435209369256,
0.142302798162317,
0.150660348074178,
0.159497562641885,
0.168803554457841,
0.178566858583041,
0.188775446671824,
0.199416741790737,
0.210477633913263,
0.221944496071313,
0.233803201143582,
0.246039139260105,
0.258637235801545,
0.271581969971055,
0.28485739391583,
0.298447152374784,
0.312334502828163,
0.326502336124244,
0.340933197557738,
0.355609308373902,
0.370512587671885,
0.385624674680316,
0.400926951377683,
0.416400565429658,
0.432026453415081,
0.447785364312008,
0.463657883214882,
0.479624455253606,
0.495665409685053,
0.511760984127333,
0.527891348906951,
0.54403663148888,
0.560176940959429,
0.576292392531756,
0.592363132043836,
0.608369360418695,
0.624291358056783,
0.64010950913043,
0.655804325750455,
0.671356471975153,
0.68674678763209,
0.701956311923343,
0.716966306785122,
0.73175827997297,
0.746314007844128,
0.760615557808979,
0.774645310423914,
0.788385981098404,
0.801820641389542,
0.814932739857797,
0.827706122458318,
0.840125052442645,
0.852174229746301,
0.86383880983841,
0.875104422010086,
0.885957187079081,
0.896383734488876,
0.906371218781141,
0.915907335421281,
0.924980335957569,
0.933579042495182,
0.941692861467315,
0.94931179668641,
0.95642646165941,
0.963028091151874,
0.96910855198671,
0.974660353064206,
0.979676654591038,
0.984151276506853,
0.988078706098086,
0.991454104789591,
0.994273314105743,
0.996532860793666,
0.99822996110226,
0.999362524211769,
0.999929154809665,
0.999929154809665,
0.999362524211769,
0.99822996110226,
0.996532860793666,
0.994273314105743,
0.991454104789591,
0.988078706098086,
0.984151276506853,
0.979676654591038,
0.974660353064206,
0.96910855198671,
0.963028091151874,
0.95642646165941,
0.94931179668641,
0.941692861467315,
0.933579042495182,
0.924980335957569,
0.915907335421281,
0.906371218781141,
0.896383734488876,
0.885957187079081,
0.875104422010086,
0.86383880983841,
0.852174229746301,
0.840125052442645,
0.827706122458318,
0.814932739857797,
0.801820641389542,
0.788385981098404,
0.774645310423914,
0.760615557808979,
0.746314007844128,
0.73175827997297,
0.716966306785122,
0.701956311923343,
0.68674678763209,
0.671356471975153,
0.655804325750455,
0.64010950913043,
0.624291358056783,
0.608369360418695,
0.592363132043836,
0.576292392531756,
0.560176940959429,
0.54403663148888,
0.527891348906951,
0.511760984127333,
0.495665409685053,
0.479624455253606,
0.463657883214882,
0.447785364312008,
0.432026453415081,
0.416400565429658,
0.400926951377683,
0.385624674680316,
0.370512587671885,
0.355609308373902,
0.340933197557738,
0.326502336124244,
0.312334502828163,
0.298447152374784,
0.28485739391583,
0.271581969971055,
0.258637235801545,
0.246039139260105,
0.233803201143582,
0.221944496071313,
0.210477633913263,
0.199416741790737,
0.188775446671824,
0.178566858583041,
0.168803554457841,
0.159497562641885,
0.150660348074178,
0.142302798162317,
0.134435209369256,
0.127067274528108,
0.120208070900623,
0.113866048994041,
0.108049022150105,
0.102764156919064,
0.098017964230514,
0.093816291371961,
0.090164314784991,
0.08706653368792,
0.084526764532776,
0.082548136303444,
0.081133086660782,
0.080283358939422,
0.08
